created: 20220607025202105
creator: TidGiUser
difficulty: 6.1000000000000005
due: 20220611014254081
grade: 0
history: [{"due":"20220610080903303","interval":0,"difficulty":5,"stability":2,"retrievability":1,"grade":-1,"lapses":0,"reps":1,"review":"20220608080903303"}]
interval: 2
lapses: 1
modified: 20220610014254081
modifier: TidGiUser
reps: 1
retrievability: 0.9
review: 20220610014254081
stability: 1.4816364413634358
tags: [[31.Java NIO]] fx ?
title: NIO Selector类？
type: text/vnd.tiddlywiki